res	aa	Beta	Turn	Helix	Aggregation	Conc-Stab_Aggregation
01	  K	  0.2	  0.0	0.000	0.000	0.000
02	  K	  0.2	  0.0	0.000	0.000	0.000
03	  R	  0.2	  0.0	0.000	0.000	0.000
04	  P	  0.1	  0.0	0.000	0.000	0.000
05	  K	  0.0	  0.9	0.000	0.000	0.000
06	  P	  0.0	  1.0	0.000	0.000	0.000
07	  G	  0.0	  1.1	0.000	0.000	0.000
08	  G	  0.1	  1.1	0.000	0.000	0.000
09	  W	  0.6	  0.3	0.000	0.000	0.000
10	  N	  0.6	  0.3	0.000	0.000	0.000
11	  T	  0.5	  0.5	0.000	0.000	0.000
12	  G	  0.0	  0.8	0.000	0.000	0.000
13	  G	  0.0	  0.8	0.000	0.000	0.000
14	  S	  0.3	  0.6	0.000	0.000	0.000
15	  R	  0.4	  0.5	0.000	0.000	0.000
16	  Y	  0.4	  2.3	0.000	0.000	0.000
17	  P	  0.1	  2.3	0.000	0.000	0.000
18	  G	  0.0	  2.8	0.000	0.000	0.000
19	  Q	  0.0	  2.8	0.000	0.000	0.000
20	  G	  0.0	  0.6	0.000	0.000	0.000
21	  S	  0.0	  2.3	0.000	0.000	0.000
22	  P	  0.0	  1.9	0.000	0.000	0.000
23	  G	  0.0	  2.7	0.000	0.000	0.000
24	  G	  0.0	  2.8	0.000	0.000	0.000
25	  N	  0.2	  1.0	0.000	0.000	0.000
26	  R	  0.2	  0.9	0.000	0.000	0.000
27	  Y	  0.2	  0.0	0.000	0.000	0.000
28	  P	  0.0	  0.9	0.000	0.000	0.000
29	  P	  0.0	  1.1	0.000	0.000	0.000
30	  Q	  0.0	  1.3	0.000	0.000	0.000
31	  G	  0.0	  1.4	0.000	0.000	0.000
32	  G	  0.0	  0.7	0.000	0.000	0.000
33	  G	  0.0	  0.4	0.000	0.000	0.000
34	  G	  0.0	  0.7	0.000	0.000	0.000
35	  W	  0.2	  0.5	0.000	0.000	0.000
36	  G	  0.2	  0.4	0.000	0.000	0.000
37	  Q	  0.2	  0.9	0.000	0.000	0.000
38	  P	  0.0	  0.7	0.000	0.000	0.000
39	  H	  0.0	  1.0	0.000	0.000	0.000
40	  G	  0.0	  1.2	0.000	0.000	0.000
41	  G	  0.0	  0.6	0.000	0.000	0.000
42	  G	  0.0	  0.8	0.000	0.000	0.000
43	  W	  0.2	  0.5	0.000	0.000	0.000
44	  G	  0.2	  0.4	0.000	0.000	0.000
45	  Q	  0.2	  0.9	0.000	0.000	0.000
46	  P	  0.0	  0.7	0.000	0.000	0.000
47	  H	  0.0	  1.0	0.000	0.000	0.000
48	  G	  0.0	  1.2	0.000	0.000	0.000
49	  G	  0.0	  0.6	0.000	0.000	0.000
50	  G	  0.0	  0.8	0.000	0.000	0.000
51	  W	  0.2	  0.5	0.000	0.000	0.000
52	  G	  0.2	  0.4	0.000	0.000	0.000
53	  Q	  0.2	  0.9	0.000	0.000	0.000
54	  P	  0.0	  0.7	0.000	0.000	0.000
55	  H	  0.0	  1.0	0.000	0.000	0.000
56	  G	  0.0	  1.2	0.000	0.000	0.000
57	  G	  0.0	  0.6	0.000	0.000	0.000
58	  G	  0.0	  0.8	0.000	0.000	0.000
59	  W	  0.2	  0.5	0.000	0.000	0.000
60	  G	  0.2	  0.4	0.000	0.000	0.000
61	  Q	  0.2	  0.9	0.000	0.000	0.000
62	  P	  0.0	  0.7	0.000	0.000	0.000
63	  H	  0.0	  1.0	0.000	0.000	0.000
64	  G	  0.0	  1.2	0.000	0.000	0.000
65	  G	  0.0	  0.6	0.000	0.000	0.000
66	  G	  0.0	  0.8	0.000	0.000	0.000
67	  W	  0.1	  0.6	0.000	0.000	0.000
68	  G	  0.1	  0.7	0.000	0.000	0.000
69	  Q	  0.1	  0.8	0.000	0.000	0.000
70	  G	  0.0	  0.7	0.000	0.000	0.000
71	  G	  0.0	  0.8	0.000	0.000	0.000
72	  G	  0.0	  0.5	0.000	0.000	0.000
73	  T	  1.9	  0.4	0.000	0.000	0.000
74	  H	  2.0	  0.4	0.000	0.000	0.000
75	  S	  2.4	  0.2	0.000	0.000	0.000
76	  Q	  1.9	  0.2	0.000	0.000	0.000
77	  W	  2.5	  0.1	0.000	0.000	0.000
78	  N	  2.2	  0.0	0.000	0.000	0.000
79	  K	  0.8	  0.4	0.000	0.000	0.000
80	  P	  0.0	  0.4	0.000	0.000	0.000
81	  S	  0.1	  0.4	0.000	0.000	0.000
82	  K	  0.1	  0.5	0.000	0.000	0.000
83	  P	  0.1	  0.2	0.000	0.000	0.000
84	  K	  0.2	  0.3	0.000	0.000	0.000
85	  T	  0.4	  0.3	0.000	0.000	0.000
86	  N	  0.7	  0.2	0.000	0.000	0.000
87	  M	  0.9	  0.1	0.000	0.000	0.000
88	  K	  0.8	  0.1	0.000	0.000	0.000
89	  H	  0.8	  0.1	0.000	0.000	0.000
90	  M	  0.4	  0.4	0.000	0.000	0.000
91	  A	  0.4	  0.5	0.000	0.000	0.000
92	  G	  0.1	  0.5	0.699	0.000	0.000
93	  A	  0.1	  0.5	0.699	0.355	0.355
94	  A	  0.1	  0.1	0.699	0.774	0.774
95	  A	  0.1	  0.4	0.699	1.268	1.268
96	  A	  0.1	  0.4	0.699	1.852	1.852
97	  G	  0.0	  0.4	0.699	1.852	1.852
98	  A	  0.8	  0.4	0.238	2.199	2.199
99	  V	  1.8	  0.0	0.000	2.608	2.608
100	  V	  1.8	  0.7	0.000	2.608	2.608
101	  G	  1.1	  0.8	0.000	0.756	0.756
102	  G	  0.1	  0.8	0.000	0.756	0.756
103	  L	  0.0	  3.8	0.000	0.756	0.756
104	  G	  0.0	  3.1	0.000	0.000	0.000
105	  G	  0.0	  3.0	0.000	0.000	0.000
106	  Y	  0.8	  3.0	0.000	0.000	0.000
107	  M	  0.9	  0.1	0.000	0.000	0.000
108	  L	  1.0	  0.4	0.000	0.000	0.000
109	  G	  0.2	  0.4	0.000	0.000	0.000
110	  S	  0.3	  0.4	0.000	0.000	0.000
111	  A	  0.5	  0.3	0.000	0.000	0.000
112	  M	  0.6	  0.0	0.000	0.000	0.000
113	  S	  0.6	  0.0	0.000	0.000	0.000
114	  R	  0.3	  0.0	0.000	0.000	0.000
115	  P	  0.1	  0.0	0.000	0.000	0.000
116	  I	  1.0	  0.0	0.000	0.192	0.192
117	  I	  4.1	  0.0	0.000	0.192	0.192
118	  H	  4.8	  0.5	0.000	0.192	0.192
119	  F	  3.9	  1.8	0.000	0.192	0.192
120	  G	  0.9	  2.2	0.000	0.192	0.192
121	  S	  0.1	  2.2	1.855	0.000	0.000
122	  D	  1.2	  1.7	3.386	0.000	0.000
123	  Y	  1.8	  0.6	3.527	0.000	0.000
124	  E	  1.8	  0.3	5.341	0.000	0.000
125	  D	  0.7	  0.3	12.852	0.000	0.000
126	  R	  1.1	  0.3	12.852	0.000	0.000
127	  Y	  2.8	  0.0	12.957	0.000	0.000
128	  Y	  3.2	  0.0	12.806	0.000	0.000
129	  R	  2.2	  0.2	11.985	0.000	0.000
130	  E	  0.6	  0.2	11.985	0.000	0.000
131	  N	  0.2	  0.2	11.762	0.000	0.000
132	  M	  0.2	  0.2	10.138	0.000	0.000
133	  H	  1.3	  0.0	8.522	0.000	0.000
134	  R	  1.3	  0.0	6.929	0.000	0.000
135	  Y	  1.2	  0.6	6.416	0.000	0.000
136	  P	  0.1	  0.6	0.000	0.000	0.000
137	  N	  0.2	  0.6	0.000	0.000	0.000
138	  Q	  1.2	  0.6	0.000	0.000	0.000
139	  V	  3.3	  0.0	0.000	0.000	0.000
140	  Y	  6.9	  0.0	0.000	0.000	0.000
141	  Y	  6.2	  0.0	0.000	0.000	0.000
142	  R	  4.2	  0.1	0.000	0.000	0.000
143	  P	  0.4	  0.3	0.000	0.000	0.000
144	  M	  0.0	  0.4	0.000	0.000	0.000
145	  D	  0.1	  0.5	0.287	0.000	0.000
146	  E	  1.4	  0.4	0.287	0.000	0.000
147	  Y	  1.7	  0.5	0.287	0.000	0.000
148	  S	  1.7	  0.4	0.287	0.000	0.000
149	  N	  0.4	  2.4	0.287	0.000	0.000
150	  Q	  0.2	  2.3	0.287	0.000	0.000
151	  N	  0.2	  2.1	0.287	0.000	0.000
152	  N	  0.1	  2.1	0.151	0.000	0.000
153	  P	  0.0	  0.0	0.000	0.000	0.000
154	  V	  1.2	  0.0	0.000	0.000	0.000
155	  H	  1.5	  0.1	0.000	0.000	0.000
156	  D	  1.7	  0.1	0.000	0.000	0.000
157	  C	  1.8	  0.1	0.000	1.142	1.142
158	  V	  6.8	  0.0	0.000	6.321	6.321
159	  N	  8.5	  0.0	0.175	6.321	6.321
160	  I	 19.2	  0.0	0.175	6.321	6.321
161	  T	 23.0	  0.0	0.175	6.321	6.321
162	  I	 21.7	  0.0	0.175	6.321	6.321
163	  K	 10.9	  0.0	0.175	0.000	0.000
164	  Q	  1.3	  0.0	0.175	0.000	0.000
165	  H	  2.4	  0.0	0.078	0.000	0.000
166	  T	 12.5	  0.0	0.000	0.000	0.000
167	  V	 13.7	  0.0	0.000	0.000	0.000
168	  T	 13.2	  0.0	0.000	0.000	0.000
169	  T	  4.6	  0.0	0.000	0.000	0.000
170	  T	  5.3	  0.1	0.000	0.000	0.000
171	  T	  3.9	  0.5	0.000	0.000	0.000
172	  K	  2.4	  0.7	0.000	0.000	0.000
173	  G	  0.1	  1.1	0.000	0.000	0.000
174	  E	  0.1	  1.0	0.000	0.000	0.000
175	  N	  1.5	  0.5	0.000	0.000	0.000
176	  F	  2.6	  0.4	0.000	0.000	0.000
177	  T	  2.6	  0.1	1.720	0.000	0.000
178	  E	  1.2	  0.2	1.720	0.000	0.000
179	  T	  0.6	  0.2	2.599	0.000	0.000
180	  D	  1.7	  0.1	3.246	0.000	0.000
181	  V	  8.9	  0.0	3.246	0.000	0.000
182	  K	  8.8	  0.0	3.246	0.000	0.000
183	  M	  7.7	  0.0	2.894	0.000	0.000
184	  M	  0.5	  0.0	2.625	0.000	0.000
185	  E	  0.2	  0.0	2.091	0.000	0.000
186	  R	  2.2	  0.0	1.607	0.000	0.000
187	  V	  6.0	  0.0	0.660	0.000	0.000
188	  V	  7.0	  0.0	0.660	0.000	0.000
189	  E	  4.9	  0.0	0.660	0.000	0.000
190	  Q	  1.7	  0.0	0.549	0.000	0.000
191	  M	  2.2	  0.0	0.106	0.000	0.000
192	  C	  3.2	  0.0	0.000	0.000	0.000
193	  I	  6.4	  0.0	0.000	0.000	0.000
194	  T	  7.0	  0.0	1.977	0.000	0.000
195	  Q	 12.1	  0.0	1.977	0.000	0.000
196	  Y	 10.3	  0.1	1.977	0.000	0.000
197	  E	  8.3	  0.1	1.977	0.000	0.000
198	  R	  2.1	  0.2	1.977	0.000	0.000
199	  E	  0.2	  0.2	1.977	0.000	0.000
200	  S	  0.2	  0.2	1.789	0.000	0.000
201	  Q	  0.6	  0.2	1.228	0.000	0.000
202	  A	  0.7	  0.1	0.745	0.000	0.000
203	  Y	  2.8	  0.0	0.600	0.000	0.000
204	  Y	  4.4	  0.1	0.254	0.000	0.000
205	  Q	  4.2	  0.3	0.148	0.000	0.000
206	  R	  2.1	  0.3	0.000	0.000	0.000
207	  G	  0.1	  0.3	0.000	0.000	0.000
208	  S	  0.0	  0.2	0.000	0.000	0.000
