3.634875e-07
5.698151e-07
6.024422e-07
6.143521e-07
4.582374e-07
2.299801e-07
5.965560e-07
1.606501e-06
3.102144e-06
3.585741e-06
4.522965e-06
4.152516e-06
4.562508e-06
4.878970e-06
4.638494e-06
4.191188e-06
1.820691e-06
1.170314e-06
8.113937e-07
3.995004e-07
3.542844e-07
1.861981e-07
3.636983e-07
1.047087e-06
1.316753e-06
1.438772e-06
1.416884e-06
6.196681e-07
3.033139e-07
2.936221e-07
2.340591e-07
4.081020e-07
5.861970e-07
8.379000e-07
9.592408e-07
8.257248e-07
7.453612e-07
4.327778e-07
5.559382e-07
6.298688e-07
7.222493e-07
9.896809e-07
1.047048e-06
8.413289e-07
7.498771e-07
4.334274e-07
5.563045e-07
6.299703e-07
7.222794e-07
9.896909e-07
1.047054e-06
8.413302e-07
7.498776e-07
4.334275e-07
5.563049e-07
6.299708e-07
7.222809e-07
9.896960e-07
1.047080e-06
8.413942e-07
7.501403e-07
4.338969e-07
5.587575e-07
6.344176e-07
7.365320e-07
1.068048e-06
1.539561e-06
1.430526e-06
1.763738e-06
1.868568e-06
3.009618e-06
7.502243e-06
1.836615e-05
2.195595e-05
2.257401e-05
2.169868e-05
1.766806e-05
8.688493e-06
4.674454e-06
1.251180e-06
1.499375e-06
1.959396e-06
2.444982e-06
9.686454e-06
1.618292e-05
1.804230e-05
2.212449e-05
2.215689e-05
1.980099e-05
1.337590e-05
6.999993e-06
3.413939e-06
3.046511e-06
3.887386e-06
6.071647e-06
1.380463e-05
3.132341e-05
5.232792e-05
7.748962e-05
7.832435e-05
5.435719e-05
3.645971e-05
2.424691e-05
9.813631e-06
1.252936e-05
1.862619e-05
1.943350e-05
1.908123e-05
1.388807e-05
1.253854e-05
1.301631e-05
1.586599e-05
1.864612e-05
2.229399e-05
2.668722e-05
5.875274e-04
5.997539e-04
5.981785e-04
5.928569e-04
8.800424e-05
3.586118e-05
2.223917e-05
3.208652e-05
3.395548e-05
4.579793e-05
7.847544e-05
9.600789e-05
9.819844e-05
8.743811e-05
6.426754e-05
4.420583e-05
4.866705e-05
4.705187e-05
4.505854e-05
4.374044e-05
2.599492e-05
4.752873e-05
1.119195e-04
1.784639e-04
1.814080e-04
1.771116e-04
1.299068e-04
5.021427e-05
5.811127e-05
5.264943e-05
8.559856e-05
6.862686e-04
1.080854e-03
2.064013e-03
3.316665e-03
1.621600e-02
2.995803e-02
4.479172e-02
4.737009e-02
4.755585e-02
4.773435e-02
4.929200e-02
6.420524e-02
6.479269e-02
6.598038e-02
6.628604e-02
6.628087e-02
4.429237e-02
4.307490e-02
4.342484e-02
4.384309e-02
4.382185e-02
3.785290e-02
3.126994e-02
2.363736e-02
1.441540e-02
3.689148e-03
2.002156e-03
1.590036e-03
1.460762e-03
1.513983e-03
1.504533e-03
1.406666e-03
1.443178e-03
1.408107e-03
1.703619e-03
1.796634e-03
1.887190e-03
1.769866e-03
1.830964e-03
2.006172e-03
2.261792e-03
2.417350e-03
2.245256e-03
2.133820e-03
2.115497e-03
2.119266e-03
2.028083e-03
1.816362e-03
1.375729e-03
1.213024e-03
9.221728e-04
7.098845e-04
5.456936e-04
4.629153e-04
4.206952e-04
3.992017e-04
3.786505e-04
3.049546e-04
2.274646e-04
1.792678e-04
9.949663e-05
4.682971e-05
