4.515925e-07
7.079592e-07
7.484454e-07
7.631164e-07
5.680997e-07
2.836902e-07
7.366440e-07
1.967051e-06
3.794422e-06
4.394254e-06
5.548454e-06
5.091065e-06
5.572619e-06
5.968608e-06
5.677241e-06
5.116154e-06
2.233656e-06
1.427614e-06
9.852554e-07
4.840664e-07
4.291758e-07
2.300656e-07
4.506741e-07
1.284617e-06
1.618473e-06
1.768849e-06
1.739930e-06
7.663237e-07
3.741629e-07
3.620409e-07
2.895753e-07
5.034740e-07
7.241125e-07
1.031589e-06
1.180722e-06
1.016052e-06
9.145640e-07
5.307573e-07
6.810752e-07
7.725733e-07
8.884344e-07
1.216091e-06
1.285452e-06
1.034943e-06
9.198576e-07
5.314797e-07
6.814718e-07
7.726789e-07
8.884613e-07
1.216099e-06
1.285455e-06
1.034944e-06
9.198579e-07
5.314797e-07
6.814720e-07
7.726792e-07
8.884624e-07
1.216104e-06
1.285482e-06
1.035010e-06
9.201296e-07
5.319722e-07
6.841105e-07
7.775868e-07
9.050690e-07
1.308549e-06
1.880121e-06
1.746065e-06
2.148889e-06
2.276605e-06
3.688364e-06
9.050235e-06
2.220627e-05
2.660734e-05
2.736098e-05
2.628548e-05
2.131994e-05
1.063971e-05
5.746827e-06
1.536420e-06
1.847598e-06
2.420878e-06
3.023895e-06
1.221711e-05
2.025533e-05
2.253602e-05
2.748409e-05
2.743365e-05
2.445608e-05
1.642631e-05
8.604406e-06
4.245067e-06
3.788949e-06
4.833751e-06
7.533067e-06
1.710454e-05
3.889617e-05
6.506502e-05
9.636803e-05
9.740189e-05
6.764378e-05
4.538302e-05
3.018602e-05
1.219759e-05
1.557172e-05
2.308283e-05
2.406644e-05
2.360675e-05
1.708459e-05
1.545022e-05
1.620595e-05
1.938778e-05
2.280480e-05
2.752718e-05
3.293376e-05
7.287512e-04
7.438626e-04
7.420780e-04
7.354012e-04
1.083038e-04
4.345459e-05
2.653578e-05
3.815675e-05
4.020517e-05
5.479412e-05
9.488071e-05
1.160271e-04
1.188208e-04
1.062395e-04
7.767091e-05
5.358201e-05
5.899894e-05
5.699047e-05
5.461250e-05
5.293761e-05
3.131596e-05
5.775295e-05
1.370636e-04
2.175326e-04
2.207128e-04
2.154257e-04
1.571756e-04
5.782882e-05
6.747435e-05
6.074115e-05
1.001791e-04
7.084308e-04
1.139724e-03
2.141744e-03
3.459616e-03
1.547637e-02
2.832829e-02
4.226596e-02
4.461755e-02
4.475466e-02
4.482890e-02
4.604180e-02
6.447403e-02
6.520367e-02
6.660778e-02
6.705530e-02
6.713832e-02
4.515459e-02
4.398771e-02
4.442183e-02
4.493589e-02
4.493000e-02
3.874395e-02
3.198807e-02
2.420107e-02
1.489807e-02
3.938430e-03
2.086541e-03
1.628230e-03
1.494691e-03
1.560687e-03
1.546388e-03
1.482520e-03
1.532377e-03
1.501654e-03
1.863202e-03
1.989837e-03
2.097580e-03
1.935602e-03
2.007617e-03
2.213569e-03
2.509775e-03
2.695607e-03
2.504130e-03
2.376511e-03
2.353734e-03
2.361972e-03
2.255701e-03
2.038845e-03
1.531115e-03
1.345551e-03
1.007967e-03
7.678291e-04
5.789333e-04
4.888965e-04
4.440142e-04
4.225560e-04
3.995684e-04
3.549464e-04
2.669797e-04
2.118773e-04
1.184344e-04
5.632656e-05
