2.844301e-07
4.450903e-07
4.702001e-07
4.793917e-07
3.573374e-07
1.770063e-07
4.546209e-07
1.211864e-06
2.342331e-06
2.712118e-06
3.431490e-06
3.154200e-06
3.462874e-06
3.708515e-06
3.528070e-06
3.172858e-06
1.381124e-06
8.838327e-07
6.098752e-07
3.004456e-07
2.664538e-07
1.416983e-07
2.783982e-07
7.974213e-07
1.003577e-06
1.096278e-06
1.078232e-06
4.727685e-07
2.308345e-07
2.227629e-07
1.777768e-07
3.091397e-07
4.445423e-07
6.338153e-07
7.257252e-07
6.244680e-07
5.624310e-07
3.266612e-07
4.188734e-07
4.748966e-07
5.459517e-07
7.476755e-07
7.906312e-07
6.360450e-07
5.656801e-07
3.271109e-07
4.191207e-07
4.749620e-07
5.459688e-07
7.476809e-07
7.906339e-07
6.360458e-07
5.656803e-07
3.271109e-07
4.191209e-07
4.749623e-07
5.459696e-07
7.476841e-07
7.906514e-07
6.360889e-07
5.658595e-07
3.274326e-07
4.208185e-07
4.780923e-07
5.563540e-07
8.053043e-07
1.159971e-06
1.078386e-06
1.330089e-06
1.410892e-06
2.281324e-06
5.624834e-06
1.378368e-05
1.650398e-05
1.697517e-05
1.631491e-05
1.325815e-05
6.622622e-06
3.594984e-06
9.890679e-07
1.183937e-06
1.542652e-06
1.895837e-06
7.857211e-06
1.287476e-05
1.431092e-05
1.747159e-05
1.736578e-05
1.539610e-05
1.036534e-05
5.485580e-06
2.680600e-06
2.342297e-06
2.977879e-06
4.656472e-06
1.055550e-05
2.394307e-05
4.001029e-05
5.927894e-05
5.991467e-05
4.159600e-05
2.791565e-05
1.858009e-05
7.530087e-06
9.595653e-06
1.422905e-05
1.484148e-05
1.457320e-05
1.056785e-05
9.609006e-06
1.013096e-05
1.222026e-05
1.436566e-05
1.732996e-05
2.064355e-05
4.489266e-04
4.582230e-04
4.570373e-04
4.528975e-04
6.695231e-05
2.712251e-05
1.681490e-05
2.429204e-05
2.580362e-05
3.504686e-05
6.065484e-05
7.435291e-05
7.626044e-05
6.851787e-05
5.076770e-05
3.620831e-05
4.096458e-05
4.009524e-05
3.880503e-05
3.864060e-05
2.609780e-05
5.006812e-05
1.409499e-04
2.602684e-04
2.683289e-04
3.055579e-04
3.025158e-04
2.573236e-04
4.130158e-04
4.506368e-04
8.183785e-04
2.860968e-03
5.416248e-03
9.016329e-03
1.531795e-02
1.992679e-02
2.749693e-02
4.024619e-02
4.214877e-02
4.300732e-02
4.326591e-02
4.458395e-02
5.636763e-02
5.687041e-02
5.788928e-02
5.828996e-02
5.849716e-02
5.316298e-02
5.232322e-02
5.244432e-02
5.203976e-02
5.047127e-02
3.735871e-02
2.897896e-02
2.304795e-02
1.436030e-02
7.692645e-03
4.168457e-03
1.990216e-03
1.550969e-03
1.549558e-03
1.377062e-03
1.295010e-03
1.289282e-03
1.222341e-03
1.439253e-03
1.439467e-03
1.455098e-03
1.326502e-03
1.365702e-03
1.490162e-03
1.637664e-03
1.743977e-03
1.608644e-03
1.520451e-03
1.499214e-03
1.502037e-03
1.436191e-03
1.299281e-03
9.809749e-04
8.643104e-04
6.515263e-04
5.004622e-04
3.784856e-04
3.210689e-04
2.922182e-04
2.783676e-04
2.635736e-04
2.241075e-04
1.680103e-04
1.332409e-04
7.409016e-05
3.508656e-05
